0,0,4456339.39587415,2.85134926336932e-07,0.2,3507111.57292019,1.00001,1.26273879080455,0.786993821637718,0.00623243561826658,0.0,1.0,-2956339.39587415,0,0,0,false
1,0,917420.393200415,3.98117906060186e-07,3507111.57292019,2511818.69686822,0.00624243561826658,1.0,0.384328789411744,0.00384328789411744,0.0,1.23193537317242,582579.606799585,0,8,24,false
2,0,863919.61706903,5.42382790099019e-07,2511818.69686822,1843716.31669478,0.00385328789411744,1.23193537317242,0.299533182804011,0.00243140337818751,0.0,1.57693442599377,636080.38293097,0,8,17,false
3,0,1302428.6780556,6.8529272776836e-07,1843716.31669478,1459230.42734814,0.00244140337818751,1.57693442599377,0.239556406564729,0.00151912725485565,0.0,1.71232861613785,197571.321944397,0,8,14,false
4,0,1455666.42993555,7.86985654505755e-07,1459230.42734814,1270671.19238409,0.00152912725485565,1.71232861613785,0.180782758253914,0.00105577140129603,0.0,1.7472184997916,44333.5700644518,0,8,14,false
5,0,1482062.87611878,8.56919520088849e-07,1270671.19238409,1166970.73243975,0.00106577140129603,1.7472184997916,0.140500804663353,0.000804139863904327,0.0,1.76258917137967,17937.1238812217,0,8,14,false
6,0,1518126.13069354,9.04759939322941e-07,1166970.73243975,1105265.55889326,0.000814139863904327,1.76258917137967,0.114531021426056,0.000649788522962542,0.0,1.74618937447321,-18126.1306935449,0,8,14,false
7,0,1534996.53095461,9.36874847678524e-07,1105265.55889326,1067378.42570744,0.000659788522962542,1.74618937447321,0.0959152281324247,0.000549283081975918,0.0,1.71340200486584,-34996.5309546068,0,8,14,false
8,0,1626303.93870748,9.51740603695111e-07,1067378.42570744,1050706.45942552,0.000559283081975918,1.71340200486584,0.0823126515642917,0.000480404781426276,0.0,1.59319341799132,-126303.938707477,0,8,16,false
9,0,1605771.82553634,9.56052818934927e-07,1050706.45942552,1045967.31497955,0.000490404781426276,1.59319341799132,0.0694820039999152,0.000436117819815735,0.0,1.4920699660234,-105771.825536341,0,8,18,false
10,0,1379502.77426372,9.66185040706701e-07,1045967.31497955,1034998.42977135,0.000446117819815735,1.4920699660234,0.0605501777144542,0.000405813260056629,0.0,1.60849258297645,120497.225736276,0,8,16,false
11,0,1495828.39729914,9.75804396053898e-07,1034998.42977135,1024795.54718543,0.000415813260056629,1.60849258297645,0.0603867719483907,0.000375424621707906,0.0,1.61256325123054,4171.60270086117,0,8,16,false
12,0,1677346.92357091,9.74472266741024e-07,1024795.54718543,1026196.46975111,0.000385424621707906,1.61256325123054,0.056490443713089,0.00035031459181512,0.0,1.43974359261886,-177346.923570906,0,8,19,false
13,0,1325555.87123492,9.8148531433173e-07,1026196.46975111,1018863.94569324,0.00036031459181512,1.43974359261886,0.0482708018100007,0.000335273600504083,0.0,1.61095794317317,174444.128765078,0,8,16,false
14,0,1493346.87495532,9.88817619173477e-07,1018863.94569324,1011308.84058869,0.000345273600504083,1.61095794317317,0.0510479759472763,0.00031687963154845,0.0,1.61753667043992,6653.12504467811,0,8,16,false
15,0,1495495.54853145,9.95546475950201e-07,1011308.84058869,1004473.44665205,0.00032687963154845,1.61753667043992,0.0487081825439745,0.000301125677297489,0.0,1.62202106122552,4504.45146854897,0,8,16,false
16,0,1466690.68401622,1.00312041563544e-06,1004473.44665205,996889.291069344,0.000311125677297489,1.62202106122552,0.0466469243079399,0.00028758519493388,0.0,1.6554343161197,33309.3159837832,0,8,15,false
17,0,1479755.14418011,1.01099774212626e-06,996889.291069344,989121.892494907,0.00029758519493388,1.6554343161197,0.0455486829410483,0.000275146422286408,0.0,1.67590181964328,20244.8558198917,0,8,15,false
18,0,1518722.89549659,1.01732067803847e-06,989121.892494907,982974.220015006,0.000285146422286408,1.67590181964328,0.0442443210063694,0.00026400306084629,0.0,1.65685463090185,-18722.8954965891,0,8,15,false
19,0,1515336.81081475,1.0222962216674e-06,982974.220015006,978190.057641968,0.00027400306084629,1.65685463090185,0.0422224201489191,0.000254834789736121,0.0,1.64117586715351,-15336.8108147476,0,8,15,false
20,0,1554951.43713169,1.02443892448997e-06,978190.057641968,976144.08833388,0.000264834789736121,1.64117586715351,0.0405700947182749,0.000247201384874374,0.0,1.58488147599914,-54951.4371316873,0,8,16,false
21,0,1416988.45669136,1.02969304507499e-06,976144.08833388,971163.207115935,0.000257201384874374,1.58488147599914,0.0382896630890217,0.000241593227436033,0.0,1.67035788480499,83011.5433086387,0,8,15,false
22,0,1572346.55678626,1.03177248122348e-06,971163.207115935,969205.923009491,0.000251593227436033,1.67035788480499,0.0392685426767675,0.000235090593662519,0.0,1.59571269840166,-72346.5567862587,0,8,16,false
23,0,1444945.09502143,1.03577060169815e-06,969205.923009491,965464.745147712,0.000245090593662519,1.59571269840166,0.0368120717974333,0.000230693606902459,0.0,1.65273695045774,55054.9049785689,0,8,15,false
24,0,1607336.67409897,1.03530319785303e-06,965464.745147712,965900.619329451,0.000240693606902459,1.65273695045774,0.0373262546311049,0.000225845102699295,0.0,1.54161094851617,-107336.67409897,0,8,17,false
