25,0,188.0,1.09332431428825e-06,965900.619329451,914641.691336572,0.000235845102699295,1.54161094851617,0.0344284225313455,0.000223327568894626,0.0,1.0,144.8,0,0,0,false
26,0,256.0,1.11882727806875e-06,914641.691336572,893793.009521666,0.000233327568894626,1.0,0.0228007524750651,0.000228007524750651,0.0,1.0,0.0,0,0,0,false
27,0,256.0,1.14544840064738e-06,893793.009521666,873020.55634704,0.000238007524750651,1.0,0.023247445772555,0.00023247445772555,0.0,1.0,0.0,0,0,0,false
28,0,256.0,1.17321425684556e-06,873020.55634704,852359.229497188,0.00024247445772555,1.0,0.0236734256674333,0.000236734256674333,0.0,1.0,0.0,0,0,0,false
29,0,256.0,1.2021525630679e-06,852359.229497188,831841.174507829,0.000246734256674333,1.0,0.0240793066838461,0.000240793066838461,0.0,1.0,0.0,0,0,0,false
30,0,256.0,1.23229220482096e-06,831841.174507829,811495.841723101,0.000250793066838461,1.0,0.0244657233058174,0.000244657233058174,0.0,1.0,0.0,0,0,0,false
31,0,256.0,1.26366326538783e-06,811495.841723101,791350.059300089,0.000254657233058174,1.0,0.0248333247294926,0.000248333247294926,0.0,1.0,0.0,0,0,0,false
32,0,256.0,1.29629705568622e-06,791350.059300089,771428.119514344,0.000258333247294926,1.0,0.0251827700531222,0.000251827700531222,0.0,1.0,0.0,0,0,0,false
33,0,256.0,1.33022614533912e-06,771428.119514344,751751.875802341,0.000261827700531222,1.0,0.0255147239041704,0.000255147239041704,0.0,1.0,0.0,0,0,0,false
34,0,256.0,1.36548439498804e-06,751751.875802341,732340.848178463,0.000265147239041704,1.0,0.025829852496734,0.00025829852496734,0.0,1.0,0.0,0,0,0,false
35,0,256.0,1.40210698988026e-06,732340.848178463,713212.334877098,0.00026829852496734,1.0,0.0261288201073404,0.000261288201073404,0.0,1.0,0.0,0,0,0,false
36,0,256.0,1.44013047476239e-06,713212.334877098,694381.528288254,0.000271288201073404,1.0,0.0264122859530952,0.000264122859530952,0.0,1.0,0.0,0,0,0,false
37,0,256.0,1.47959279011424e-06,694381.528288254,675861.633471997,0.000274122859530952,1.0,0.0266809014529798,0.000266809014529798,0.0,1.0,0.0,0,0,0,false
38,0,256.0,1.52053330975768e-06,675861.633471997,657663.987748723,0.000276809014529798,1.0,0.0269353078507573,0.000269353078507573,0.0,1.0,0.0,0,0,0,false
39,0,256.0,1.56299287987707e-06,657663.987748723,639798.180065061,0.000279353078507573,1.0,0.0271761341763476,0.000271761341763476,0.0,1.0,0.0,0,0,0,false
40,0,256.0,1.60701385948868e-06,639798.180065061,622272.169026707,0.000281761341763476,1.0,0.027403995521564,0.00027403995521564,0.0,1.0,0.0,0,0,0,false
41,0,256.0,1.65264016239811e-06,622272.169026707,605092.398667672,0.00028403995521564,1.0,0.0276194916056881,0.000276194916056881,0.0,1.0,0.0,0,0,0,false
42,0,256.0,1.69991730068613e-06,605092.398667672,588263.911189311,0.000286194916056881,1.0,0.0278232056063926,0.000278232056063926,0.0,1.0,0.0,0,0,0,false
43,0,256.0,1.74889242976469e-06,588263.911189311,571790.456051404,0.000288232056063926,1.0,0.028015703231931,0.00028015703231931,0.0,1.0,0.0,0,0,0,false
44,0,256.0,1.79961439504624e-06,571790.456051404,555674.594931379,0.00029015703231931,1.0,0.0281975320112206,0.000281975320112206,0.0,1.0,0.0,0,0,0,false
45,0,256.0,1.85213378027129e-06,555674.594931379,539917.802186797,0.000291975320112206,1.0,0.0283692207793812,0.000283692207793812,0.0,1.0,0.0,0,0,0,false
46,0,256.0,1.90650295754028e-06,539917.802186797,524520.560560879,0.000293692207793812,1.0,0.0285312793374028,0.000285312793374028,0.0,1.0,0.0,0,0,0,false
47,0,256.0,1.96277613909771e-06,524520.560560879,509482.451961995,0.000295312793374028,1.0,0.0286841982658447,0.000286841982658447,0.0,1.0,0.0,0,0,0,false
48,0,256.0,2.021009430918e-06,509482.451961995,494802.243226433,0.000296841982658447,1.0,0.0288284488737787,0.000288284488737787,0.0,1.0,0.0,0,0,0,false
49,0,256.0,2.08126088814397e-06,494802.243226433,480477.966840466,0.000298284488737787,1.0,0.0289644832655372,0.000289644832655372,0.0,1.0,0.0,0,0,0,false
50,0,256.0,2.14359057243108e-06,480477.966840466,466506.996653697,0.000299644832655372,1.0,0.0290927345091879,0.000290927345091879,0.0,1.0,0.0,0,0,0,false
