0,0,32.2167165551047,0.0496064337575063,0.2,20.158675483272,1.00001,1.59193714492243,0.625696581296124,0.00393041008743211,0.0,1.48197374197246,-2.21671655510472,9,54,39,false
1,0,14.3356498226418,0.0653839671442174,20.158675483272,15.2942692784961,0.00394041008743211,1.48197374197246,0.313045441657212,0.00211235484672325,0.0,2.50617109930436,15.6643501773582,9,54,8,false
2,0,19.1072568851608,0.0916444517976734,15.2942692784961,10.9117353029481,0.00212235484672325,2.50617109930436,0.227986258868515,0.000909699497100565,0.0,3.50443057063668,10.8927431148392,54,83,28,false
3,0,22.9958299359924,0.116217106155323,10.9117353029481,8.60458527218453,0.000919699497100565,3.50443057063668,0.151352155665505,0.000431888013230086,0.0,4.31843494649539,7.0041700640076,54,83,11,false
4,0,27.4923970834161,0.131693727448438,8.60458527218453,7.59337608081244,0.000441888013230086,4.31843494649539,0.104615661205497,0.00024225364629007,0.0,4.6486705215409,2.5076029165839,54,83,6,false
5,0,30.3155295490571,0.138597130540993,7.59337608081244,7.21515659160222,0.00025225364629007,4.6486705215409,0.0758932223046914,0.000163257907724411,0.0,4.6049390314407,-0.31552954905705,54,83,6,false
6,0,32.3041539351117,0.139637366376171,7.21515659160222,7.1614069067021,0.000173257907724411,4.6049390314407,0.0583473212802449,0.000126705958280604,0.0,4.28319304421641,-2.30415393511167,54,83,11,false
7,0,27.7946595818815,0.142315724881809,7.1614069067021,7.02663040806266,0.000136705958280604,4.28319304421641,0.0468131839571858,0.000109295059722787,0.0,4.59704766443209,2.20534041811845,54,83,6,false
8,0,29.9940487234462,0.144392740084066,7.02663040806266,6.92555594843478,0.000119295059722787,4.59704766443209,0.0437986691645203,9.52756472450695e-05,0.0,4.59790698556069,0.00595127655380523,54,83,6,false
9,0,29.3429817338723,0.146486440088588,6.92555594843478,6.82657042791978,0.00010527564724507,4.59790698556069,0.0395929358422301,8.61107803323732e-05,0.0,4.69415125243892,0.657018266127746,54,83,5,false
10,0,28.8519754565617,0.149082564303441,6.82657042791978,6.70769251033683,9.61107803323732e-05,4.69415125243892,0.037231040342423,7.93136785336412e-05,0.0,4.86530169525799,1.1480245434383,54,83,3,false
11,0,32.5547386774373,0.14914653749,6.70769251033683,6.70481539048164,8.93136785336412e-05,4.86530169525799,0.03587025827629,7.37266885448259e-05,0.0,4.48427126732644,-2.55473867743726,54,83,8,false
12,0,33.3082746707409,0.14686446574357,6.70481539048164,6.80899899738874,8.37266885448259e-05,4.48427126732644,0.0321349664144288,7.16615130948308e-05,0.0,3.9984032752751,-3.30827467074086,54,83,17,false
13,0,26.827912410398,0.147112322197234,6.80899899738874,6.79752712121078,8.16615130948308e-05,3.9984032752751,0.0288810286075717,7.22314049364734e-05,0.0,4.46505644679448,3.17208758960198,54,83,8,false
14,0,28.6513563765178,0.148282134902047,6.79752712121078,6.7439007447565,8.22314049364734e-05,4.46505644679448,0.031545188625891,7.06490253858666e-05,0.0,4.66503620250645,1.3486436234822,54,83,5,false
15,0,30.5194898903201,0.148947349238432,6.7439007447565,6.71378178338186,8.06490253858666e-05,4.66503620250645,0.0320056553904137,6.86075177149055e-05,0.0,4.58765956038711,-0.51948989032006,54,83,7,false
16,0,31.2335768784217,0.148650672262565,6.71378178338186,6.72718114744666,7.86075177149055e-05,4.58765956038711,0.0309431486535149,6.74486592699652e-05,0.0,4.40428752812217,-1.2335768784217,54,83,9,false
17,0,30.4601678693181,0.148107635384173,6.72718114744666,6.75184636771848,7.74486592699652e-05,4.40428752812217,0.0296553981006172,6.73330201792279e-05,0.0,4.33613315311769,-0.460167869318148,54,83,11,false
18,0,27.1490776667017,0.149486832739868,6.75184636771848,6.68955239516088,7.73330201792279e-05,4.33613315311769,0.0292758604521609,6.75160550157726e-05,0.0,4.7623085031098,2.85092233329826,54,83,4,false
19,0,30.6360977734623,0.150348841656358,6.68955239516088,6.65119856583686,7.75160550157726e-05,4.7623085031098,0.0313960172800761,6.59260467052364e-05,0.0,5.92417495117653,8.36390222653772,87,94,27,false
20,0,30.530682054655,0.157825939033456,6.65119856583686,6.33609409279689,7.59260467052364e-05,5.92417495117653,0.0355160069018464,5.99509757806747e-05,0.0,5.8404195575724,-0.530682054655028,87,94,29,false
21,0,28.8920476492639,0.164785884457933,6.33609409279689,6.06848094598346,6.99509757806747e-05,5.8404195575724,0.0329840929723903,5.64755539345195e-05,0.0,6.0229944656257,1.10795235073611,87,94,26,false
22,0,30.8732425186976,0.169913690973947,6.06848094598346,5.88534092966842,6.64755539345195e-05,6.0229944656257,0.0322589501893956,5.35596543770764e-05,0.0,5.8746186061584,-0.873242518697595,87,94,28,false
23,0,31.0556792504559,0.173082273999823,5.88534092966842,5.77759915496039,6.35596543770764e-05,5.8746186061584,0.030621907321336,5.21257793471645e-05,0.0,5.69189924087506,-1.05567925045595,87,94,31,false
24,0,30.1235742467761,0.175552638815566,5.77759915496039,5.69629717187328,6.21257793471645e-05,5.69189924087506,0.0294365706844097,5.17166053696414e-05,0.0,5.67020545576387,-0.12357424677608,87,94,32,false
25,0,29.2757609277159,0.178316304596364,5.69629717187328,5.60801213474896,6.17166053696414e-05,5.67020545576387,0.0292004423497741,5.1498032262819e-05,0.0,5.79934909077788,0.724239072284149,87,94,29,false
26,0,30.1397793226158,0.180584054923633,5.60801213474896,5.53758747095855,6.1498032262819e-05,5.79934909077788,0.0295524378792108,5.09581979229445e-05,0.0,5.77410717390544,-0.139779322615823,87,94,30,false
27,0,30.0832207370874,0.182406564589063,5.53758747095855,5.48225883346282,6.09581979229445e-05,5.77410717390544,0.0292526992909388,5.06618571666607e-05,0.0,5.75892716515075,-0.0832207370874265,87,94,30,false
28,0,28.9301250247326,0.184999298978445,5.48225883346282,5.40542588821656,6.06618571666607e-05,5.75892716515075,0.0290835113386799,5.05016134162527e-05,0.0,5.95685328556979,1.06987497526736,87,94,27,false
29,0,29.7919508531359,0.187476617538602,5.40542588821656,5.3339985174103,6.05016134162527e-05,5.95685328556979,0.0296701920398341,4.98084989128552e-05,0.0,5.99585763590567,0.208049146864134,87,94,26,false
30,0,30.0147561407664,0.189539695387132,5.3339985174103,5.27593968090703,5.98084989128552e-05,5.99585763590567,0.0295143448438626,4.92245590807869e-05,0.0,5.99306076147972,-0.0147561407663765,87,94,26,false
31,0,30.4397111275749,0.190787862317616,5.27593968090703,5.24142357827375,5.92245590807869e-05,5.99306076147972,0.0292679010371477,4.88363162030102e-05,0.0,5.90916921541244,-0.439711127574878,87,94,28,false
32,0,32.1124476256642,0.189598510696737,5.24142357827375,5.27430303289409,5.88363162030102e-05,5.90916921541244,0.0288419109276738,4.88087409181777e-05,0.0,5.50865229166166,-2.11244762566419,87,94,34,false
33,0,29.2571668038938,0.189398251561267,5.27430303289409,5.27987978641143,5.88087409181777e-05,5.50865229166166,0.0274899310519535,4.99031879241398e-05,0.0,5.64934360020583,0.742833196106151,87,94,32,false
34,0,29.7277801377328,0.189500294083445,5.27987978641143,5.27703666549276,5.99031879241397e-05,5.64934360020583,0.0284099178036939,5.02888827697767e-05,0.0,5.70092934416083,0.272219862267232,87,94,31,false
35,0,29.7862649021365,0.189808078369907,5.27703666549276,5.2684796589698,6.02888827697767e-05,5.70092934416083,0.0287390633603754,5.04111902207864e-05,0.0,5.74149799236651,0.21373509786353,87,94,30,false
36,0,29.5462642687395,0.190543184298711,5.2684796589698,5.248154131991,6.04111902207864e-05,5.74149799236651,0.0289248537027875,5.03785836749293e-05,0.0,5.82795424343099,0.453735731260544,87,94,29,false
37,0,29.939487380023,0.191231067768837,5.248154131991,5.22927582671251,6.03785836749293e-05,5.82795424343099,0.0292001147361619,5.01035415112858e-05,0.0,5.83952613636268,0.0605126199769757,87,94,29,false
38,0,32.4548897905197,0.189209228499158,5.22927582671251,5.28515447122841,6.01035415112858e-05,5.83952613636268,0.0291277804677737,4.98803837633249e-05,0.0,5.37503833304799,-2.45488979051972,87,94,37,false
39,0,28.4751121849951,0.189143235461121,5.28515447122841,5.2869984885373,5.98803837633249e-05,5.37503833304799,0.027438975520162,5.10488927147844e-05,0.0,5.66346054809325,1.5248878150049,87,94,32,false
