0,0,32.745000314385,0.0488061507326788,0.2,20.4892208254079,1.00001,1.59193714492243,0.625696581296124,0.00393041008743211,0.0,1.0,-12.745000314385,0,0,0,false
1,0,3.84749376999336,0.0633502642221327,20.4892208254079,15.7852538150998,0.00394041008743211,1.0,0.282660987927791,0.00282660987927791,0.0,2.02326553752056,16.1525062300066,13,50,20,false
2,0,7.88334306276226,0.106412126815061,15.7852538150998,9.3974251801014,0.00283660987927791,2.02326553752056,0.265557408424699,0.00131251881426365,0.0,3.3126247721005,12.1166569372377,50,68,17,false
3,0,14.8289440869159,0.154225746599504,9.3974251801014,6.48400167967295,0.00132251881426365,3.3126247721005,0.178724487464332,0.000539525300207801,0.0,4.11013473100368,5.17105591308414,71,87,32,false
4,0,19.2531884844889,0.178011707933204,6.48400167967295,5.61760803045175,0.000549525300207801,4.11013473100368,0.117128783590522,0.00028497553305733,0.0,4.24307592438399,0.746811515511077,71,87,28,false
5,0,20.1810437173085,0.188011255722593,5.61760803045175,5.31883049318857,0.00029497553305733,4.24307592438399,0.0817472584142658,0.000192660371558479,0.0,4.20903766775213,-0.181043717308508,71,87,29,false
0,0,11.7818851919334,0.135636047122501,0.2,7.37267135997289,1.00001,1.59193714492243,0.625696581296124,0.00393041008743211,0.0,2.70660975228748,8.21811480806663,21,34,15,false
1,0,13.0884889638311,0.18219984696982,7.37267135997289,5.48847881395665,0.00394041008743211,2.70660975228748,0.274405421764367,0.00101383445298109,0.0,3.96588600540767,6.9115110361689,35,46,17,false
2,0,21.3862412700644,0.184185794704744,5.48847881395665,5.42930035187041,0.00102383445298109,3.96588600540767,0.155552661223113,0.000392226758436852,0.0,3.71056005542836,-1.38624127006436,35,46,23,false
3,0,22.2104558409104,0.177694868783199,5.42930035187041,5.62762451638419,0.000402226758436852,3.71056005542836,0.0960542086494627,0.00025886714462131,0.0,3.31777339482672,-2.21045584091044,35,46,33,false
4,0,17.7187195385695,0.179789369202851,5.62762451638419,5.56206412222143,0.00026886714462131,3.31777339482672,0.0688324580830773,0.000207465820873738,0.0,3.7279233699621,2.28128046143049,35,46,22,false
5,0,19.8944893890797,0.181496720005943,5.56206412222143,5.50974144308093,0.000217465820873738,3.7279233699621,0.0622548534927187,0.000166996065408264,0.0,3.74707319976996,0.105510610920316,35,46,22,false
6,0,20.9710948620377,0.180928595073864,5.50974144308093,5.52704230965676,0.000176996065408264,3.74707319976996,0.0531205971711357,0.000141765570991239,0.0,3.57137437069803,-0.971094862037717,35,46,26,false
7,0,20.2067097054875,0.180236193713001,5.52704230965676,5.54827517935907,0.000151765570991239,3.57137437069803,0.0454108651494415,0.000127152352108541,0.0,3.53411780017743,-0.20670970548748,35,46,27,false
8,0,18.7105110337745,0.181451178269442,5.54827517935907,5.51112431199026,0.000137152352108541,3.53411780017743,0.0413823335541135,0.000117093814903499,0.0,3.76809709246449,1.28948896622552,35,46,22,false
9,0,19.9126608897962,0.182598819775765,5.51112431199026,5.47648665652944,0.000127093814903499,3.76809709246449,0.0405692627679255,0.000107665120543355,0.0,3.78404511090796,0.0873391102037608,35,46,21,false
10,0,21.556051650862,0.181546863796645,5.47648665652944,5.50821963589592,0.000117665120543355,3.78404511090796,0.0381049183666641,0.00010069890091115,0.0,3.50154881378837,-1.55605165086201,35,46,28,false
11,0,18.7436543468494,0.182160468389446,5.50821963589592,5.4896652871032,0.00011069890091115,3.50154881378837,0.0341294940934933,9.74697081448598e-05,0.0,3.73040532642533,1.25634565315061,35,46,22,false
12,0,20.7900590353803,0.18180083766185,5.4896652871032,5.50052471078271,0.00010746970814486,3.73040532642533,0.0348748785987178,9.34881750025182e-05,0.0,3.58677193199088,-0.790059035380299,35,46,26,false
13,0,20.0122090896943,0.181494864203156,5.50052471078271,5.50979778072758,0.000103488175002518,3.58677193199088,0.0327576041498012,9.13289296641135e-05,0.0,3.58455604491478,-0.0122090896942559,35,46,26,false
14,0,18.9363169506908,0.182360550031797,5.50979778072758,5.48364215739443,0.000101328929664114,3.58455604491478,0.0321376641731441,8.96559121142383e-05,0.0,3.77852987084631,1.06368304930924,35,46,21,false
15,0,20.7322631585569,0.182347223232853,5.48364215739443,5.48404292794208,9.96559121142383e-05,3.77852987084631,0.0329649742730776,8.72428574071167e-05,0.0,3.64500371720775,-0.732263158556872,35,46,24,false
16,0,20.2601720413042,0.182065005386639,5.48404292794208,5.49254370918985,9.72428574071167e-05,3.64500371720775,0.0313896035439324,8.61167943279313e-05,0.0,3.59763549310624,-0.260172041304209,35,46,26,false
17,0,19.810748663418,0.1820134600013,5.49254370918985,5.49409917262633,9.61167943279313e-05,3.59763549310624,0.0307534708772473,8.54824535064121e-05,0.0,3.6320817836874,0.189251336581997,35,46,25,false
18,0,19.0274434062712,0.182964887865033,5.49409917262633,5.46552954322945,9.54824535064121e-05,3.6320817836874,0.030800373675649,8.48008814503606e-05,0.0,3.81002549180138,0.972556593728751,35,46,21,false
0,0,6.40858982471693,0.249338081048584,0.2,4.01061881841125,1.00001,1.59193714492243,0.625696581296124,0.00393041008743211,0.0,4.9807932767717,13.5914101752831,71,87,6,false
1,0,23.7330802754032,0.212996256312693,4.01061881841125,4.69491819861817,0.00394041008743211,4.9807932767717,0.182139014790459,0.000365682743027858,0.0,4.18566115359606,-3.73308027540322,71,87,30,false
2,0,19.6262960966348,0.213104041883363,4.69491819861817,4.69254356305134,0.000375682743027858,4.18566115359606,0.0948313155928069,0.000226562332957444,0.0,4.26529896587078,0.373703903365225,71,87,27,false
3,0,20.7020873597282,0.210925754427254,4.69254356305134,4.74100473275722,0.000236562332957444,4.26529896587078,0.0705416979634356,0.000165385119607985,0.0,4.11721065984626,-0.702087359728232,71,87,32,false
4,0,19.5232886339628,0.210916905750508,4.74100473275722,4.74120363392251,0.000175385119607985,4.11721065984626,0.0556614472857464,0.000135192128565568,0.0,4.21775714610693,0.476711366037211,71,87,28,false
5,0,19.6035904877974,0.211772644555132,4.74120363392251,4.72204520135585,0.000145192128565568,4.21775714610693,0.0486680763037743,0.000115388521951046,0.0,4.30170583683289,0.396409512202602,71,87,26,false
6,0,19.5701374052075,0.213241027072256,4.72204520135585,4.68952909170314,0.000125388521951046,4.30170583683289,0.0437802401003162,0.000101774137425792,0.0,4.39337017804638,0.429862594792475,71,87,23,false
7,0,21.3841883220381,0.211815511248661,4.68952909170314,4.72108956565532,0.000111774137425792,4.39337017804638,0.0403921815795069,9.19389442331678e-05,0.0,4.10017762094945,-1.38418832203813,71,87,33,false
8,0,19.5212261078078,0.2115534168425,4.72108956565532,4.7269385431127,0.000101938944233168,4.10017762094945,0.0356818319239672,8.70250882343597e-05,0.0,4.2014638737377,0.47877389219224,71,87,29,false
9,0,19.7451243447378,0.211732599252775,4.7269385431127,4.72293828880907,9.70250882343597e-05,4.2014638737377,0.0348038327514497,8.28373961965966e-05,0.0,4.25542935871263,0.25487565526225,71,87,27,false
10,0,21.2923693140541,0.209937250710532,4.72293828880907,4.76332807358153,9.28373961965966e-05,4.25542935871263,0.0338205189475439,7.9476161149989e-05,0.0,3.98411289801744,-1.29236931405414,71,87,37,false
11,0,17.9857461519652,0.211310778984356,4.76332807358153,4.73236625602537,8.9476161149989e-05,3.98411289801744,0.0312149500909097,7.83485581104961e-05,0.0,4.40974644771792,2.01425384803482,71,87,22,false
12,0,21.1419988485064,0.21090558008315,4.73236625602537,4.74145823740532,8.83485581104961e-05,4.40974644771792,0.0332475058961402,7.53955046856403e-05,0.0,4.16889251811938,-1.14199884850641,71,87,30,false
13,0,21.311818475718,0.208796227044017,4.74145823740532,4.78935857298411,8.53955046856403e-05,4.16889251811938,0.0309996671793301,7.43594780738417e-05,0.0,3.89498976982284,-1.31181847571798,68,71,31,false
14,0,18.670819577088,0.208775507557682,4.78935857298411,4.78983388280694,8.43594780738417e-05,3.89498976982284,0.0291298537723931,7.47880109932049e-05,0.0,4.17249008725202,1.32918042291199,71,87,30,false
