0,0,95.0710940029239,0.0768538167125274,0.2,13.0117155240385,1.00001,7.30522860485292,0.136862609935309,0.000187348839219504,0.0,4.60988117444438,-35.0710940029239,0,2,1,false
1,0,34.1976112117621,0.088035632012063,13.0117155240385,11.3590369847402,0.000197348839219504,4.60988117444438,0.0640949418157911,0.000139038164738631,0.0,6.88141077883787,25.8023887882379,2,10,1,false
2,0,54.724270531234,0.100506770353457,11.3590369847402,9.9495784859393,0.000149038164738631,6.88141077883787,0.0601255339538301,8.73738480178102e-05,0.0,7.4116573090021,5.27572946876598,2,38,7,false
3,0,70.8922243312201,0.101879234716222,9.9495784859393,9.81554291004866,9.73738480178102e-05,7.4116573090021,0.0470194385835365,6.3439844319876e-05,0.0,6.30196582977998,-10.8922243312201,3,10,12,false
4,0,43.4243048746637,0.109229038098439,9.81554291004866,9.15507467070051,7.3439844319876e-05,6.30196582977998,0.035830924054558,5.68567412492762e-05,0.0,8.11251306413345,16.5756951253363,2,38,4,false
5,0,80.5727504155359,0.106468580356025,9.15507467070051,9.39244232106837,6.68567412492762e-05,8.11251306413345,0.0376649243003513,4.64281832307589e-05,0.0,5.92216153337252,-20.5727504155359,2,10,10,false
6,0,57.812556287633,0.105780835531075,9.39244232106837,9.45350823690778,5.64281832307589e-05,5.92216153337252,0.0278967732524814,4.71057283650196e-05,0.0,6.1535511569439,2.18744371236698,2,10,8,false
7,0,47.6902063623929,0.109281938007752,9.45350823690778,9.15064299032712,5.71057283650196e-05,6.1535511569439,0.0288926281673299,4.69527715467619e-05,0.0,7.49878926213709,12.3097936376071,2,41,7,false
8,0,67.6370170180377,0.109662517120456,9.15064299032712,9.11888607208946,5.69527715467619e-05,7.49878926213709,0.0323480339344335,4.31376757015499e-05,0.0,6.66129475264732,-7.63701701803768,2,10,3,false
9,0,52.4738120175092,0.112587060140615,9.11888607208946,8.88201538215012,5.31376757015499e-05,6.66129475264732,0.0286429393132532,4.2999057055492e-05,0.0,7.50864613166159,7.52618798249081,2,38,7,false
10,0,58.8936737127006,0.115699503074091,8.88201538215012,8.64307947251617,5.2999057055492e-05,7.50864613166159,0.0306397353623481,4.08059386806764e-05,0.0,7.63664753333993,1.10632628729938,2,38,6,false
11,0,80.8319047494173,0.110048749982055,8.64307947251617,9.08688195152658,5.08059386806764e-05,7.63664753333993,0.0299305277455314,3.91932816263436e-05,0.0,5.34412245592131,-20.8319047494173,2,3,13,false
12,0,48.6625420179168,0.110020524780291,9.08688195152658,9.08921314451994,4.91932816263436e-05,5.34412245592131,0.0230509638728831,4.31333002995516e-05,0.0,6.5914755327846,11.3374579820832,2,10,4,false
13,0,72.1706851178458,0.105954186612704,9.08921314451994,9.43804140232149,5.31333002995516e-05,6.5914755327846,0.0284540371152627,4.31679325421727e-05,0.0,5.3019404906039,-12.1706851178458,2,3,14,false
14,0,33.7589803499054,0.110634557128326,9.43804140232149,9.03876714433888,5.31679325421727e-05,5.3019404906039,0.0245240094606467,4.62547806866337e-05,0.0,8.20510407818783,26.2410196500946,2,38,4,false
15,0,75.743817039006,0.109990962281982,9.03876714433888,9.09165607112623,5.62547806866337e-05,8.20510407818783,0.0334784140979026,4.08019371587259e-05,0.0,6.4734264920761,-15.743817039006,2,10,5,false
16,0,58.8287693520946,0.109999294089006,9.09165607112623,9.09096743103502,5.08019371587259e-05,6.4734264920761,0.0271140396967437,4.1885143408878e-05,0.0,6.6022610365611,1.17123064790545,2,10,4,false
17,0,71.0147609307841,0.106404413734666,9.09096743103502,9.39810638394794,5.1885143408878e-05,6.6022610365611,0.0279374165152526,4.23149226614104e-05,0.0,5.43024185729352,-11.0147609307841,2,3,10,false
18,0,45.7404742798379,0.107900187115364,9.39810638394794,9.26782452129417,5.23149226614104e-05,5.43024185729352,0.0246115914572069,4.53231957323418e-05,0.0,6.96884735067536,14.2595257201621,2,10,1,false
19,0,57.5387716920436,0.110452517759838,9.26782452129417,9.05366414710747,5.53231957323418e-05,6.96884735067536,0.0303890711106915,4.36070265016588e-05,0.0,7.24069621407093,2.46122830795644,3,13,1,false
20,0,59.7268882855146,0.112649654276267,9.05366414710747,8.87708006229259,5.36070265016588e-05,7.24069621407093,0.030299553693166,4.18461882633393e-05,0.0,7.27146215428651,0.273111714485424,2,13,0,false
21,0,60.1288835345984,0.114334261081493,8.87708006229259,8.74628471414392,5.18461882633393e-05,7.27146215428651,0.0295885736203227,4.06913671453001e-05,0.0,7.25672635059263,-0.128883534598423,2,13,0,false
22,0,69.4120617889109,0.112122346858837,8.74628471414392,8.91882865472843,5.06913671453001e-05,7.25672635059263,0.0290347649628376,4.00108307246097e-05,0.0,6.20142389403955,-9.4120617889109,2,10,7,false
23,0,61.2694044692317,0.110206753578644,8.91882865472843,9.07385407452727,5.00108307246097e-05,6.20142389403955,0.026011119000863,4.19437849198849e-05,0.0,6.06152694850731,-1.26940446923171,2,10,9,false
24,0,57.750045343716,0.109331111487431,9.07385407452727,9.14652733695994,5.19437849198849e-05,6.06152694850731,0.0264397709311329,4.36189942826928e-05,0.0,6.30751699187515,2.24995465628396,2,10,6,false
25,0,58.8014500091216,0.108962661495831,9.14652733695994,9.17745571071845,5.36189942826928e-05,6.30751699187515,0.0278741121152118,4.41918938167222e-05,0.0,6.43811418881707,1.1985499908784,2,10,5,false
26,0,37.5094999331419,0.116784812996621,9.17745571071845,8.56275721423586,5.41918938167222e-05,6.43811418881707,0.028489908766543,4.42519469692377e-05,0.0,9.06466303332557,22.4905000668581,2,38,2,false
27,0,59.805636648866,0.125677725193141,8.56275721423586,7.95685948693932,5.42519469692377e-05,9.06466303332557,0.0340146003814744,3.75243958395609e-05,0.0,9.089090177157,0.194363351133966,2,38,2,false
28,0,69.3822820343698,0.127133952758432,7.95685948693932,7.865719410928,4.75243958395609e-05,9.089090177157,0.0310176302648521,3.41262212831892e-05,0.0,7.89628357623315,-9.38228203436981,2,38,5,false
29,0,66.9869310170109,0.12501587556156,7.865719410928,7.99898409308492,4.41262212831892e-05,7.89628357623315,0.0273252467071384,3.46051993236211e-05,0.0,7.02280627765332,-6.98693101701086,2,10,0,false
30,0,69.6507458139144,0.119832397713022,7.99898409308492,8.34498865986832,4.46051993236211e-05,7.02280627765332,0.0256766992930948,3.65618789383362e-05,0.0,5.86633426705304,-9.6507458139144,2,10,11,false
31,0,68.3505572667236,0.113615470966274,8.34498865986832,8.80161822589149,4.65618789383362e-05,5.86633426705304,0.0235423825256291,4.01313349255423e-05,0.0,4.9175817703634,-8.35055726672358,0,2,0,false
32,0,53.8040817575282,0.110705776640938,8.80161822589149,9.03295230242044,5.01313349255423e-05,4.9175817703634,0.0219869959646379,4.47109920919793e-05,0.0,5.6035057114,6.19591824247183,2,10,13,false