0,0,1.42954241602044,1.67401667420814,0.2,0.597365614935126,1.00001,2.39029496254295,0.417627470028306,0.00174717964340267,0.0,1.0,-0.929542416020444,0,0,0,false
1,0,0.479999971389771,1.7246594048127,0.597365614935126,0.579824629262727,0.00175717964340267,1.0,0.149455881146519,0.00149455881146519,0.0,1.03449323743915,0.0200000286102287,0,28,19,false
2,0,0.506666636466981,1.76262433537649,0.579824629262727,0.567335863876179,0.00150455881146519,1.03449323743915,0.134060011130149,0.00129590031407077,0.0,1.02274246176735,-0.00666663646698074,0,28,19,false
3,0,0.453333306312562,1.8102056721955,0.567335863876179,0.552423415394094,0.00130590031407077,1.02274246176735,0.117508595399346,0.00114895586906879,0.0,1.10721877538296,0.0466666936874383,0,28,16,false
4,0,0.479999971389771,1.86001148326968,0.552423415394094,0.537631089374844,0.00115895586906879,1.10721877538296,0.112357925148604,0.00101477619099932,0.0,1.1444190582637,0.0200000286102288,0,28,15,false
5,0,0.506666636466981,1.89969244535344,0.537631089374844,0.526400998459491,0.00102477619099932,1.1444190582637,0.103399619970242,0.000903511866772982,0.0,1.13175449933146,-0.00666663646698062,0,28,15,false
6,0,0.506666636466981,1.92992414834214,0.526400998459491,0.518155079234088,0.000913511866772982,1.13175449933146,0.0925571162598514,0.000817819733118142,0.0,1.11888839662562,-0.00666663646698062,0,28,16,false
7,0,0.479999971389771,1.96161970948852,0.518155079234088,0.509782806097897,0.000827819733118142,1.11888839662562,0.083926055308355,0.000750084240407372,0.0,1.15812084693778,0.0200000286102288,0,28,15,false
8,0,0.506666636466981,1.98769730751231,0.509782806097897,0.503094709753139,0.000760084240407372,1.15812084693778,0.0798831826798665,0.0006897655187806,0.0,1.1448695915822,-0.00666663646698062,0,28,15,false
9,0,0.506666636466981,2.00799815717496,0.503094709753139,0.498008425170517,0.0006997655187806,1.1448695915822,0.0733833016729623,0.000640975201127906,0.0,1.13148299784194,-0.00666663646698062,0,28,15,false
10,0,0.506666636466981,2.02369701710567,0.498008425170517,0.494145117350728,0.000650975201127906,1.13148299784194,0.0679903314803739,0.000600895741341678,0.0,1.11799174550959,-0.00666663646698062,0,28,16,false
11,0,0.479999971389771,2.04270077364471,0.494145117350728,0.489547961650664,0.000610895741341678,1.11799174550959,0.0634526375079361,0.00056755908764795,0.0,1.15884581942462,0.0200000286102288,0,28,15,false
12,0,0.506666636466981,2.05853991334309,0.489547961650664,0.485781205172744,0.00057755908764795,1.15884581942462,0.0621126277695519,0.000535986985744071,0.0,1.14512228216959,-0.00666663646698062,0,28,15,false
13,0,0.506666636466981,2.07087966152937,0.485781205172744,0.482886581280868,0.000545986985744071,1.14512228216959,0.0583449477669741,0.000509508448795805,0.0,1.13131648029931,-0.00666663646698062,0,28,15,false
14,0,0.506666636466981,2.08028841587404,0.482886581280868,0.480702575839633,0.000519508448795805,1.13131648029931,0.0551086357413955,0.000487119534639993,0.0,1.11744795368421,-0.00666663646698062,0,28,16,false
15,0,0.479999971389771,2.09330757363262,0.480702575839633,0.477712884908094,0.000497119534639993,1.11744795368421,0.0523037735697936,0.000468064516090874,0.0,1.15931416504687,0.0200000286102288,0,28,15,false
16,0,0.506666636466981,2.10412324864033,0.477712884908094,0.475257331359365,0.000478064516090874,1.15931416504687,0.0520766510326021,0.000449202231825545,0.0,1.14528674026646,-0.00666663646698062,0,28,15,false
17,0,0.506666636466981,2.11242195148245,0.475257331359365,0.473390270962779,0.000459202231825545,1.14528674026646,0.0496040368000598,0.00043311456472917,0.0,1.13120399105106,-0.00666663646698062,0,28,15,false
18,0,0.506666636466981,2.11854309059443,0.473390270962779,0.472022497177254,0.00044311456472917,1.13120399105106,0.0474356057601923,0.000419337326737307,0.0,1.11708043442643,-0.00666663646698062,0,28,16,false
19,0,0.479999971389771,2.12824863582505,0.472022497177254,0.469869912362159,0.000429337326737307,1.11708043442643,0.0455215838025467,0.000407504978152445,0.0,1.15964546803261,0.0200000286102288,0,28,14,false
20,0,0.53333330154419,2.13064940294143,0.469869912362159,0.469340473669422,0.000417504978152445,1.15964546803261,0.0458419718913294,0.000395310231920297,0.0,1.08862388899942,-0.0333333015441901,0,28,17,false
21,0,0.453333306312562,2.14171567301241,0.469340473669422,0.466915385922101,0.000405310231920297,1.08862388899942,0.0421007959115527,0.000386734080861009,0.0,1.18857067827747,0.0466666936874383,0,28,14,false
22,0,0.53333330154419,2.14615475733687,0.466915385922101,0.465949622962364,0.000396734080861009,1.18857067827747,0.0446520523325444,0.000375678562062931,0.0,1.11703225459066,-0.0333333015441901,0,28,16,false
23,0,0.479999971389771,2.1538461222527,0.465949622962364,0.464285721096038,0.000385678562062931,1.11703225459066,0.041103496529478,0.000367970543021968,0.0,1.16010923865775,0.0200000286102288,0,28,14,false
24,0,0.53333330154419,2.15487037100936,0.464285721096038,0.464065037718066,0.000377970543021968,1.16010923865775,0.0417261328946041,0.000359674171226163,0.0,1.08828029479225,-0.0333333015441901,0,28,17,false
25,0,0.453333306312562,2.16416319277893,0.464065037718066,0.462072362812867,0.000369674171226163,1.08828029479225,0.0385433855065158,0.000354167815873883,0.0,1.1892746355993,0.0466666936874383,0,28,14,false
26,0,0.53333330154419,2.16729237463245,0.462072362812867,0.461405213115092,0.000364167815873883,1.1892746355993,0.0411880819743844,0.00034632944100106,0.0,1.11703162534125,-0.0333333015441901,0,28,16,false
27,0,0.479999971389771,2.1736484190972,0.461405213115092,0.460056001335919,0.00035632944100106,1.11703162534125,0.0381087586117789,0.000341160963998103,0.0,1.16050465591177,0.0200000286102288,0,28,14,false
28,0,0.53333330154419,2.17375208412236,0.460056001335919,0.460034061521669,0.000351160963998104,1.16050465591177,0.0389121096502704,0.000335303348005083,0.0,1.08804632220941,-0.0333333015441901,0,28,17,false
29,0,0.453333306312562,2.18183314232447,0.460034061521669,0.458330190609638,0.000345303348005083,1.08804632220941,0.0360950886363392,0.000331742205267913,0.0,1.18986526113937,0.0466666936874383,0,28,14,false
30,0,0.53333330154419,2.18405434843819,0.458330190609638,0.457864064012463,0.000341742205267913,1.18986526113937,0.0387861228244878,0.000325970713586073,0.0,1.11706351895398,-0.0333333015441901,0,28,16,false
31,0,0.479999971389771,2.18947373995754,0.457864064012463,0.456730757601775,0.000335970713586073,1.11706351895398,0.0360199804075263,0.000322452392333567,0.0,1.16085305639447,0.0200000286102288,0,28,14,false
32,0,0.53333330154419,2.18891857828582,0.456730757601775,0.456846595355372,0.000332452392333567,1.16085305639447,0.0369379928358246,0.000318196972755117,0.0,1.08788917336879,-0.0333333015441901,0,28,17,false
33,0,0.453333306312562,2.19613285671358,0.456846595355372,0.455345858035409,0.000328196972755117,1.08788917336879,0.0343692171481333,0.000315925721015354,0.0,1.19037543268996,0.0466666936874383,0,28,14,false
34,0,0.53333330154419,2.19768989802146,0.455345858035409,0.455023250050101,0.000325925721015354,1.19037543268996,0.0370846971782773,0.000311537823781148,0.0,1.11711917261859,-0.0333333015441901,0,28,16,false
35,0,0.479999971389771,2.20242285500754,0.455023250050101,0.454045415359884,0.000321537823781148,1.11711917261859,0.0345338835318594,0.0003091333886152,0.0,1.16116769273057,0.0200000286102288,0,28,14,false
36,0,0.53333330154419,2.20137031975351,0.454045415359884,0.454262506869798,0.0003191333886152,1.16116769273057,0.0355280006225375,0.000305967870488981,0.0,1.08778875205179,-0.0333333015441901,0,28,17,false
4,0,0.47999997138977,2.02230848001096,0.503929113752489,0.494484402297805,0.00115701365692806,1.11832297033728,0.113035142440526,0.00101075579630127,0.0,1.15876919779621,0.0200000286102299,0,28,15,false
5,0,0.50666663646698,2.05092521967126,0.494484402297805,0.487584818017055,0.00102075579630127,1.15876919779621,0.104024302133428,0.000897713732219197,0.0,1.1450964249357,-0.00666663646697951,0,28,15,false
6,0,0.50666663646698,2.07131175461977,0.487584818017055,0.482785847069925,0.000907713732219197,1.1450964249357,0.0928863130818093,0.000811165863931719,0.0,1.13128774245787,-0.00666663646697951,0,28,15,false
7,0,0.50666663646698,2.08565753566191,0.482785847069925,0.479465100526505,0.000821165863931719,1.13128774245787,0.0840629895469363,0.000743073458608314,0.0,1.117383421873,-0.00666663646697951,0,28,16,false
8,0,0.47999997138977,2.10447739674625,0.479465100526505,0.475177353553954,0.000753073458608314,1.117383421873,0.0769152493548342,0.000688351445432277,0.0,1.15947303001751,0.0200000286102299,0,28,14,false
9,0,0.533333301544189,2.11027036647254,0.475177353553954,0.473872929216916,0.000698351445432277,1.15947303001751,0.0740223886400593,0.000638414061592633,0.0,1.08913075155211,-0.033333301544189,0,28,17,false
10,0,0.453333306312561,2.1287635625947,0.473872929216916,0.469756255495619,0.000648414061592633,1.08913075155211,0.06557690525048,0.000602103146541652,0.0,1.1884731086607,0.0466666936874394,0,28,14,false
11,0,0.533333301544189,2.13636398222847,0.469756255495619,0.468085030602737,0.000612103146541652,1.1884731086607,0.0669578001653001,0.000563393480907241,0.0,1.11726104383293,-0.033333301544189,0,28,16,false
12,0,0.47999997138977,2.14815423658381,0.468085030602737,0.465515921980672,0.000573393480907241,1.11726104383293,0.0597839749309156,0.000535094061149913,0.0,1.1602241900238,0.0200000286102299,0,28,14,false
13,0,0.533333301544189,2.14999637913135,0.465515921980672,0.465117062385018,0.000545094061149913,1.1602241900238,0.0589198185176847,0.000507831322810778,0.0,1.0885577123993,-0.033333301544189,0,28,17,false
14,0,0.453333306312561,2.16308052775479,0.465117062385018,0.462303639263013,0.000517831322810778,1.0885577123993,0.053110051127476,0.000487893756321066,0.0,1.18950152880929,0.0466666936874394,0,28,14,false
15,0,0.533333301544189,2.16738049680214,0.462303639263013,0.461386453128766,0.000497893756321066,1.18950152880929,0.0553268876136809,0.000465126662502602,0.0,1.11725558114839,-0.033333301544189,0,28,16,false
16,0,0.47999997138977,2.17576643518455,0.461386453128766,0.459608156385214,0.000475126662502602,1.11725558114839,0.0501117554164439,0.000448525442718626,0.0,1.16077097210126,0.0200000286102299,0,28,14,false
17,0,0.533333301544189,2.1758059476803,0.459608156385214,0.459599809930722,0.000458525442718626,1.16077097210126,0.0501273719326078,0.000431845498702175,0.0,1.0882441763456,-0.033333301544189,0,28,17,false
18,0,0.453333306312561,2.18598194318214,0.459599809930722,0.457460320346606,0.000441845498702175,1.0882441763456,0.0456926354021354,0.000419874844224526,0.0,1.19025672609435,0.0466666936874394,0,28,14,false
19,0,0.533333301544189,2.18855738272284,0.457460320346606,0.456921992493464,0.000429874844224526,1.19025672609435,0.0482289581556861,0.000405197946781971,0.0,1.11730488290929,-0.033333301544189,0,28,16,false
20,0,0.47999997138977,2.19502403239288,0.456921992493464,0.455575877640784,0.000415197946781971,1.11730488290929,0.0441042543372618,0.000394737864408335,0.0,1.16120542635729,0.0200000286102299,0,28,14,false
21,0,0.533333301544189,2.19409764148115,0.455575877640784,0.455768230681357,0.000404737864408335,1.16120542635729,0.0445661906403761,0.000383792476583412,0.0,1.0880689080564,-0.033333301544189,0,28,17,false
22,0,0.453333306312561,2.20252039537831,0.455768230681357,0.454025307596862,0.000393792476583412,1.0880689080564,0.0409387361971837,0.000376251319140364,0.0,1.19085325268786,0.0466666936874394,0,28,14,false
23,0,0.533333301544189,2.20407514253465,0.454025307596862,0.453705039679372,0.000386251319140364,1.19085325268786,0.0436082022361947,0.000366192913675696,0.0,1.1173841513357,-0.033333301544189,0,28,16,false
24,0,0.47999997138977,2.20934665389164,0.453705039679372,0.452622497351675,0.000376192913675696,1.1173841513357,0.0401494038884309,0.000359316031469007,0.0,1.16157114762345,0.0200000286102299,0,28,14,false
25,0,0.533333301544189,2.20783577806488,0.452622497351675,0.452932237956791,0.000369316031469007,1.16157114762345,0.0408625108682584,0.000351786551791185,0.0,1.08797669187317,-0.033333301544189,0,28,17,false
26,0,0.453333306312561,2.21511746231433,0.452932237956791,0.451443328407158,0.000361786551791185,1.08797669187317,0.0377451202759754,0.000346929493599626,0.0,1.19134889996869,0.0466666936874394,0,28,14,false
27,0,0.533333301544189,2.21601011962438,0.451443328407158,0.451261477167579,0.000356929493599626,1.19134889996869,0.0404724446353616,0.000339719494737649,0.0,1.11748196642627,-0.033333301544189,0,28,16,false
28,0,0.47999997138977,2.22048316557621,0.451261477167579,0.450352434777636,0.000349719494737649,1.11748196642627,0.037445223329512,0.000335085705671497,0.0,1.16189169326633,0.0200000286102299,0,28,14,false
29,0,0.533333301544189,2.21858217509399,0.450352434777636,0.450738318925525,0.000345085705671497,1.16189169326633,0.0383104778889894,0.000329725034708617,0.0,1.08793902462336,-0.033333301544189,0,28,17,false
