0,0,5.96692944985465,0.222632227646414,0.2,4.49171268046693,1.00001,1.32119900088011,0.752576931958551,0.00569616637203967,0.0,4.00014830288543,12.0330705501453,12,17,6,false
1,0,17.7215142671292,0.225413836562938,4.49171268046693,4.43628490268293,0.00570616637203967,4.00014830288543,0.225313798847691,0.000563263613714433,0.0,4.06292284035987,0.278485732870752,12,17,5,false
2,0,18.1740474850755,0.224506851522031,4.43628490268293,4.45420704633537,0.000573263613714433,4.06292284035987,0.11966905540191,0.000294539325761133,0.0,4.02384798747024,-0.174047485075508,12,17,6,false
3,0,17.4348769325035,0.226544634278827,4.45420704633537,4.41414118318608,0.000304539325761133,4.02384798747024,0.0820727254636832,0.000203965770375142,0.0,4.15187358611877,0.565123067496529,12,17,4,false
4,0,18.9684320370627,0.224427987848511,4.41414118318608,4.45577224831245,0.000213965770375142,4.15187358611877,0.0648988811022584,0.00015631227626785,0.0,3.93453033267275,-0.968432037062708,12,17,7,false
5,0,18.7252342517126,0.221341830741854,4.45577224831245,4.51789883840926,0.00016631227626785,3.93453033267275,0.0520382828322338,0.000132260469312188,0.0,3.77400565568198,-0.725234251712607,12,17,10,false
6,0,16.8175864703715,0.221852595781431,4.51789883840926,4.50749740600375,0.000142260469312188,3.77400565568198,0.0446433914062265,0.000118291797838229,0.0,4.03632716651715,1.18241352962849,12,17,6,false
7,0,18.3548311402902,0.221513512393055,4.50749740600375,4.5143972897942,0.000128291797838229,4.03632716651715,0.0428306408884454,0.000106112906911366,0.0,3.95772727432502,-0.354831140290248,12,17,7,false
8,0,19.2365450970245,0.218930561689815,4.5143972897942,4.56765831267001,0.000116112906911366,3.95772727432502,0.0388825675924529,9.82446866531099e-05,0.0,3.68700976167866,-1.23654509702454,12,17,11,false
9,0,17.4846181698706,0.217862544975761,4.56765831267001,4.59005011674338,0.00010824468665311,3.68700976167866,0.0347905520628917,9.43598045887786e-05,0.0,3.79929215882491,0.515381830129392,12,17,9,false
10,0,16.7417460293158,0.219008837386561,4.59005011674338,4.56602579116454,0.000104359804588779,3.79929215882491,0.0344585262579557,9.06972267924072e-05,0.0,4.07486089808148,1.25825397068419,12,17,5,false
11,0,16.8999597168599,0.221923701241363,4.56602579116454,4.50605318136978,0.000100697226792407,4.07486089808148,0.0351547523893683,8.62722759589654e-05,0.0,4.31898590923053,1.1000402831401,12,17,2,false
12,0,19.0163293215039,0.222699380289123,4.50605318136978,4.4903582520155,9.62722759589654e-05,4.31898590923053,0.035249631685983,8.16155283365188e-05,0.0,4.09264999916195,-1.01632932150389,12,17,5,false
13,0,17.8899319604147,0.22348815085847,4.4903582520155,4.47451015259094,9.16155283365188e-05,4.09264999916195,0.0325067390484423,7.94271170393233e-05,0.0,4.11724890179749,0.110068039585315,12,17,5,false
14,0,18.3241966726865,0.223645519775608,4.47451015259094,4.47136164857376,8.94271170393233e-05,4.11724890179749,0.0319725125534256,7.7655039362491e-05,0.0,4.04474376842499,-0.324196672686515,12,17,6,false
15,0,18.8459028027643,0.222472402045438,4.47136164857376,4.49493955567468,8.7655039362491e-05,4.04474376842499,0.0310076241245946,7.66615288875736e-05,0.0,3.85655373999704,-0.845902802764318,12,17,8,false
16,0,17.4122583607315,0.222359217963564,4.49493955567468,4.49722754540296,8.66615288875736e-05,3.85655373999704,0.0296055705274549,7.6766907771594e-05,0.0,3.98724351126941,0.58774163926849,12,17,6,false