0,0,9.16742112525754,0.372099655845959,0.2,2.68745209593523,1.00001,3.40847875037266,0.293133702300799,0.000860013289708083,0.0,6.69507830989662,8.83257887474246,32,35,37,false
1,0,26.564609188926,0.269797990866175,2.68745209593523,3.70647682286121,0.000870013289708083,6.69507830989662,0.118879583337471,0.000177562648015251,0.0,4.3843639581704,-8.56460918892597,25,32,33,false
2,0,22.5800508815491,0.244555822457173,3.70647682286121,4.08904596894283,0.000187562648015251,4.3843639581704,0.0604421666031606,0.000137858460610973,0.0,3.26428584793747,-4.58005088154909,3,21,1,false
3,0,17.9712498829376,0.233545299812414,4.08904596894283,4.28182455739084,0.000147858460610973,3.26428584793747,0.0416959660206102,0.000127733807524717,0.0,3.27100030264645,0.0287501170624154,3,21,1,false
4,0,16.3102456572618,0.228712086130092,4.28182455739084,4.37230938216006,0.000137733807524717,3.27100030264645,0.0392661745527919,0.00012004332289735,0.0,3.65746754342149,1.68975434273821,21,25,24,false
5,0,19.2170807587788,0.222074646483787,4.37230938216006,4.50299039459691,0.00013004332289735,3.65746754342149,0.0405149489131135,0.000110773228831479,0.0,3.38718476417347,-1.21708075877878,3,21,0,false
6,0,16.7135161412512,0.219515569031499,4.50299039459691,4.55548553759531,0.000120773228831479,3.38718476417347,0.0359295977510788,0.000106075104408561,0.0,3.66958800047655,1.28648385874877,21,25,23,false
7,0,17.20785376106,0.218647284485545,4.55548553759531,4.57357612445497,0.000116075104408561,3.66958800047655,0.0368369678205912,0.000100384478627594,0.0,3.84278862453621,0.792146238939967,21,25,14,false
8,0,18.5943992831297,0.216884626295271,4.57357612445497,4.61074635432471,0.000110384478627594,3.84278862453621,0.0364731199085921,9.49131567521337e-05,0.0,3.71387255814446,-0.594399283129651,21,25,21,false
9,0,19.5697928262697,0.213037671315404,4.61074635432471,4.69400549595519,0.000104913156752134,3.71387255814446,0.034037944034195,9.16508132718511e-05,0.0,3.37944754998833,-1.5697928262697,3,21,0,false
10,0,13.7263891542761,0.2160649491213,4.69400549595519,4.62823796301452,0.000101650813271851,3.37944754998833,0.0307791466177983,9.10774502711385e-05,0.0,4.3028250599339,4.27361084572387,25,32,35,false
11,0,21.7959608264389,0.212894281606369,4.62823796301452,4.69716702794746,0.000101077450271139,4.3028250599339,0.0366358955439266,8.51438183835654e-05,0.0,3.49468670678327,-3.7959608264389,21,25,34,false
12,0,19.3732554532329,0.208973966861355,4.69716702794746,4.78528505258005,9.51438183835654e-05,3.49468670678327,0.0297884392623768,8.52392267511613e-05,0.0,3.20771206720719,-1.37325545323294,3,21,2,false
13,0,15.5996203712193,0.20867088241426,4.78528505258005,4.79223544957637,9.52392267511613e-05,3.20771206720719,0.0278234279258072,8.67391690490219e-05,0.0,3.70860140247407,2.40037962878065,21,25,21,false
14,0,17.2155036660133,0.209441666720262,4.79223544957637,4.77459913139269,9.67391690490219e-05,3.70860140247407,0.0316637626157043,8.53792553564288e-05,0.0,3.87290762220018,0.784496333986738,21,25,12,false
15,0,20.7989135877324,0.206221137947456,4.77459913139269,4.84916342695574,9.53792553564288e-05,3.87290762220018,0.0323162373216727,8.34417974145067e-05,0.0,3.2957124771214,-2.79891358773244,3,21,1,false
16,0,14.9794408442225,0.207419428202368,4.84916342695574,4.82114915013822,9.34417974145067e-05,3.2957124771214,0.0279581489994507,8.48318814020768e-05,0.0,3.9222351300642,3.02055915577751,21,25,10,false
17,0,18.4016433602562,0.208131342960624,4.82114915013822,4.8046583747321,9.48318814020768e-05,3.9222351300642,0.032459779099214,8.27583712419677e-05,0.0,3.83864055810285,-0.401643360256212,21,25,14,false
18,0,21.4454178353281,0.204135868621733,4.8046583747321,4.89869814036952,9.27583712419677e-05,3.83864055810285,0.0313250647779064,8.16045792872777e-05,0.0,3.13530719552334,-3.44541783532809,3,21,2,false
19,0,15.7443017182571,0.20371361062035,4.89869814036952,4.90885217219799,9.16045792872777e-05,3.13530719552334,0.026348226470457,8.4037144775088e-05,0.0,3.5948236369673,2.25569828174287,21,25,28,false
20,0,17.0923001023108,0.204409152085883,4.90885217219799,4.8921488582852,9.4037144775088e-05,3.5948236369673,0.0301418051393594,8.38477994564091e-05,0.0,3.78036580340239,0.907699897689177,21,25,17,false
21,0,20.0192487765434,0.202434940676785,4.8921488582852,4.93985868574257,9.38477994564091e-05,3.78036580340239,0.0312823321691065,8.27494845629803e-05,0.0,3.37159929711116,-2.01924877654336,3,21,0,false
22,0,17.3588558064493,0.201622513769638,4.93985868574257,4.95976357651479,9.27494845629803e-05,3.37159929711116,0.0282887905943939,8.39031809581648e-05,0.0,3.50086840110367,0.641144193550737,21,25,34,false
23,0,18.7460367671625,0.199979075320799,4.95976357651479,5.00052317171602,9.39031809581648e-05,3.50086840110367,0.0294813087209975,8.42114165494006e-05,0.0,3.35167665825118,-0.746036767162547,3,21,0,false
24,0,17.1317904903114,0.199555566631359,5.00052317171602,5.0111355793312,9.42114165494006e-05,3.35167665825118,0.0285545595577469,8.51948516198633e-05,0.0,3.52493269891183,0.86820950968859,21,25,32,false
0,0,17.0977216521188,0.199517548621546,0.2,5.01209044973205,1.00001,3.40847875037266,0.293133702300799,0.000860013289708083,0.0,3.58849911451622,0.902278347881207,21,25,28,false
1,0,18.2806612306941,0.197804591659277,5.01209044973205,5.05549437255998,0.000870013289708083,3.58849911451622,0.147242203761785,0.000410316957209658,0.0,3.53298303438418,-0.280661230694093,21,25,32,false
2,0,17.1570141653417,0.200524183798157,5.05549437255998,4.98692966134488,0.000420316957209658,3.53298303438418,0.0973983568111935,0.000275683058376675,0.0,3.70202208083244,0.842985834658272,21,25,22,false
3,0,21.0087114942604,0.19303123373382,4.98692966134488,5.18050877392697,0.000285683058376675,3.70202208083244,0.076003157407946,0.00020530173982878,0.0,3.12124678914624,-3.00871149426036,3,21,2,false
4,0,14.406951942241,0.196750001617437,5.18050877392697,5.08259208019939,0.00021530173982878,3.12124678914624,0.055549442835852,0.000177971966295708,0.0,3.82817900032184,3.59304805775895,21,25,15,false
5,0,19.5065415020633,0.196642022287413,5.08259208019939,5.0853830141067,0.000187971966295708,3.82817900032184,0.0564175693280119,0.00014737442873823,0.0,3.5319296326962,-1.50654150206326,21,25,32,false
6,0,17.7110231301605,0.197092547956084,5.0853830141067,5.07375854830808,0.00015737442873823,3.5319296326962,0.0464622116294307,0.000131549086367166,0.0,3.58888482027324,0.288976869839473,21,25,28,false
7,0,17.3460690261121,0.198543667113297,5.07375854830808,5.03667537997755,0.000141549086367166,3.58888482027324,0.0429667811224557,0.000119721816871193,0.0,3.71871867386791,0.653930973887878,21,25,21,false
