0,0,13.4829038728837,5.29910823381611,0.2,0.188710997374715,1.00001,71.4473753012918,0.013996287992918,1.95896461331131e-06,0.0,2.64956248965071,-12.9829038728837,54,69,17,false
1,0,0.630876857004316,5.287585522115,0.188710997374715,0.189122236570465,1.19589646133113e-05,2.64956248965071,0.00314222216184382,1.18594000863066e-05,0.0,1.95753991537477,-0.130876857004316,1,54,5,false
2,0,0.75478236059412,5.24234967296572,0.189122236570465,0.190754158418104,2.18594000863066e-05,1.95753991537477,0.00424351923446918,2.16778171476353e-05,0.0,1.0,-0.25478236059412,0,0,0,false
3,0,0.228683539725126,5.23906012064318,0.190754158418104,0.190873931005249,3.16778171476353e-05,1.0,0.00315777856157689,3.15777856157689e-05,0.0,2.42144324710016,0.271316460274874,1,54,1,false
4,0,0.743748099302643,5.16419176593537,0.190873931005249,0.193641143730625,4.15777856157689e-05,2.42144324710016,0.00982822578295134,4.0588297060942e-05,0.0,1.16268131971906,-0.243748099302643,1,54,19,false
5,0,0.401056144413747,5.13692991686773,0.193641143730625,0.194668803387093,5.0588297060942e-05,1.16268131971906,0.00584185628972335,5.02446903605102e-05,0.0,1.67094897157032,0.0989438555862531,1,54,8,false
6,0,0.358694136429057,5.12821593847553,0.194668803387093,0.194999588940334,6.02446903605102e-05,1.67094897157032,0.0099000540838584,5.92480934624505e-05,0.0,2.39559595333488,0.141305863570943,1,54,1,false
7,0,1.02268182000536,4.90524907852983,0.194999588940334,0.203863246084073,6.92480934624505e-05,2.39559595333488,0.0159549838248916,6.66013139765111e-05,0.0,1.0,-0.522681820005358,0,0,0,false
8,0,0.416485354709595,4.86666368233171,0.203863246084073,0.205479578058881,7.66013139765111e-05,1.0,0.00760189984595928,7.60189984595928e-05,0.0,1.40643769117763,0.0835146452904054,1,54,13,false
9,0,0.299507280339224,4.86370352421251,0.205479578058881,0.205604637499345,8.60189984595928e-05,1.40643769117763,0.0118956304130831,8.4579860790866e-05,0.0,2.3815748383707,0.200492719660776,1,54,1,false
10,0,0.948511405875249,4.64222512336798,0.205604637499345,0.215413939097053,9.4579860790866e-05,2.3815748383707,0.021378080137293,8.97644692615172e-05,0.0,1.0,-0.448511405875249,0,0,0,false
11,0,0.334759486473813,4.61695816248806,0.215413939097053,0.216592822548148,9.97644692615172e-05,1.0,0.00987790057532024,9.87790057532024e-05,0.0,1.76290853769845,0.165240513526187,1,54,7,false
12,0,0.591283839492191,4.53559881748234,0.216592822548148,0.220478053778815,0.000108779005753202,1.76290853769845,0.018549639018606,0.000105221789003435,0.0,1.34888166324242,-0.0912838394921907,1,54,14,false
13,0,0.349570863763524,4.51931922590554,0.220478053778815,0.221272264695935,0.000115221789003435,1.34888166324242,0.0152229166155256,0.000112855834802684,0.0,2.02871895077229,0.150429136236476,1,54,4,false
14,0,0.72044810317841,4.3914619675015,0.221272264695935,0.227714598782907,0.000122855834802684,2.02871895077229,0.0237244005831536,0.00011694276614374,0.0,1.06062948985646,-0.22044810317841,0,1,9,false
15,0,0.422334340287399,4.3456573560017,0.227714598782907,0.230114783122263,0.00012694276614374,1.06062948985646,0.0132743631052338,0.000125155515966563,0.0,1.39813783529525,0.0776656597126011,1,54,13,false
16,0,0.284544728561307,4.35862497038807,0.230114783122263,0.229430154416558,0.000135155515966563,1.39813783529525,0.0184102053752298,0.000131676612351615,0.0,2.33722656138968,0.215455271438693,1,54,2,false
17,0,0.55648251905448,4.34683206004169,0.229430154416558,0.230052596048629,0.000141676612351615,2.33722656138968,0.0307344158637638,0.000131499514730355,0.0,2.09170653673174,-0.0564825190544803,1,54,4,false
18,0,0.540138569281251,4.3160140222658,0.230052596048629,0.231695262073089,0.000141499514730355,2.09170653673174,0.0278720072883118,0.000133250084554697,0.0,1.91846790888018,-0.0401385692812506,1,54,5,false
19,0,0.713567744082475,4.18901747907993,0.231695262073089,0.238719462259116,0.000143250084554697,1.91846790888018,0.0261056866929283,0.000136075701720579,0.0,1.02382889595102,-0.213567744082475,0,1,16,false
20,0,0.400101625125568,4.1491564077406,0.238719462259116,0.241012847366856,0.000146075701720579,1.02382889595102,0.0147301046503253,0.000143872718464765,0.0,1.43832287818414,0.0998983748744317,1,54,12,false
21,0,0.616968119580227,4.05168605143886,0.241012847366856,0.246810830677484,0.000153872718464765,1.43832287818414,0.021449081495576,0.000149125636676621,0.0,1.0,-0.116968119580227,0,0,0,false
22,0,0.337563712336304,4.02848425012522,0.246810830677484,0.24823232211195,0.000159125636676621,1.0,0.0156633200894911,0.000156633200894911,0.0,1.65437202650201,0.162436287663696,1,54,9,false
23,0,0.463112022484441,4.00616968916433,0.24823232211195,0.249614988277892,0.000166633200894911,1.65437202650201,0.0263649159069698,0.000159365097357912,0.0,1.80215152391942,0.0368879775155586,1,54,7,false
24,0,0.657651200369271,3.91194958284976,0.249614988277892,0.25562701635626,0.000169365097357912,1.80215152391942,0.0289308021066142,0.000160534792566687,0.0,1.18542797639908,-0.157651200369271,1,54,18,false
25,0,0.350853588326583,3.89755316966861,0.25562701635626,0.256571227246407,0.000170534792566687,1.18542797639908,0.0197425563927456,0.000166543702239225,0.0,1.76673404596151,0.149146411673417,1,54,7,false
26,0,0.748478206978387,3.76935522424738,0.256571227246407,0.26529736268082,0.000176543702239225,1.76673404596151,0.0295615730266016,0.000167323277061281,0.0,1.0,-0.248478206978387,0,0,0,false
27,0,0.294808783421419,3.76206374717792,0.26529736268082,0.265811551106794,0.000177323277061281,1.0,0.0174233707856123,0.000174233707856123,0.0,1.77194243712961,0.205191216578581,1,54,7,false
28,0,0.389718611316053,3.79790412494248,0.265811551106794,0.263303118536502,0.000184233707856123,1.77194243712961,0.0308600431170693,0.000174159399709732,0.0,2.19078057811676,0.110281388683947,1,54,3,false
29,0,0.272093773364434,3.96815084540186,0.263303118536502,0.252006548883786,0.000184159399709732,2.19078057811676,0.0370688541953983,0.000169203865351333,0.0,3.09514686401303,0.227906226635566,69,169,20,false
