0,0,0.5,2.06611059016329,0.2,0.484001197593671,1.00001,1.02734375,0.964248097930767,0.00938583699886989,0.0,1.23395480901633,0.1,35,87,4,false
1,0,0.75,1.79575532732306,0.484001197593671,0.556868736394452,0.00939583699886989,1.23395480901633,0.476992946969982,0.00386556252696341,0.0,1.0,-0.15,0,0,0,false
2,0,0.55,1.80196336177955,0.556868736394452,0.554950239949627,0.00387556252696341,1.0,0.279308497902864,0.00279308497902864,0.0,1.09009816808898,0.05,4,35,9,false
3,0,0.4,1.96860934992661,0.554950239949627,0.507972798177191,0.00280308497902864,1.09009816808898,0.229213890083673,0.00210269035205794,0.0,1.4838200380743,0.2,138,207,5,false
4,0,0.75,1.97171558195569,0.507972798177191,0.507172540071995,0.00211269035205794,1.4838200380743,0.213960356455237,0.0014419562410878,0.0,1.18806270078095,-0.15,35,87,12,false
5,0,0.75,1.89293083602669,0.507172540071995,0.528281319617057,0.0014519562410878,1.18806270078095,0.143161595170359,0.00120500033437844,0.0,1.0,-0.15,0,0,0,false
6,0,0.65,1.84683132487602,0.528281319617057,0.541467965444614,0.00121500033437844,1.0,0.108337075180817,0.00108337075180817,0.0,1.0,-0.05,0,0,0,false
7,0,0.5,1.86087761701055,0.541467965444614,0.537380852377854,0.00109337075180817,1.0,0.0985607329160934,0.000985607329160934,0.0,1.18608776170106,0.1,35,87,13,false
8,0,0.65,1.85636231459709,0.537380852377854,0.538687944770654,0.000995607329160934,1.18608776170106,0.103580085750505,0.000873291918988804,0.0,1.0932696459712,-0.05,4,35,9,false
9,0,0.75,1.80911427670664,0.538687944770654,0.552756679263196,0.000883291918988804,1.0932696459712,0.0873461069388205,0.000798943858550349,0.0,1.0,-0.15,0,0,0,false
10,0,0.45,1.83463904538921,0.552756679263196,0.545066345618875,0.000808943858550349,1.0,0.0748402313062658,0.000748402313062658,0.0,1.27519585680838,0.15,87,121,15,false
11,0,0.6,1.86260757668345,0.545066345618875,0.536881741767955,0.000758402313062658,1.27519585680838,0.0860935991347827,0.000675140204346818,0.0,1.27519585680838,0.0,87,121,15,false
12,0,0.5,1.91435953670509,0.536881741767955,0.522367915131112,0.000685140204346818,1.27519585680838,0.0786106047196482,0.000616459066267658,0.0,1.46663181047889,0.1,138,207,7,false
13,0,0.55,1.98071175390682,0.522367915131112,0.50486901894108,0.000626459066267658,1.46663181047889,0.0809679009139145,0.000552066990061238,0.0,1.53515625,0.05,0,208,0,false
14,0,0.65,2.01881197311907,0.50486901894108,0.495340830803076,0.000562066990061238,1.53515625,0.0761933028525951,0.000496322787029625,0.0,1.43421565134405,-0.05,138,207,11,false
15,0,0.85,1.98208059992859,0.495340830803076,0.504520351006932,0.000506322787029625,1.43421565134405,0.0657679229232887,0.00045856369550601,0.0,1.0,-0.25,0,0,0,false
16,0,0.45,1.99171419770482,0.504520351006932,0.502080068090273,0.00046856369550601,1.0,0.0447591196973045,0.000447591196973045,0.0,1.29875712965572,0.15,87,121,8,false
17,0,0.75,1.97051144025909,0.502080068090273,0.507482463470762,0.000457591196973045,1.29875712965572,0.0551715598155126,0.000424802748379426,0.0,1.00318041361686,-0.15,0,1,15,false
18,0,0.3,2.00503531143056,0.507482463470762,0.498744333478354,0.000434802748379426,1.00318041361686,0.0417899455326676,0.000416574575873131,0.0,1.53515625,0.3,0,208,0,false
19,0,0.75,2.00878615258582,0.498744333478354,0.497813069207365,0.000426574575873131,1.53515625,0.0595038765488132,0.000387607949020258,0.0,1.23383832711213,-0.15,35,87,4,false
20,0,0.4,2.04958536215801,0.497813069207365,0.487903562575749,0.000397607949020258,1.23383832711213,0.0462583678706498,0.000374914337269131,0.0,1.53515625,0.2,0,208,0,false
21,0,0.75,2.04935967181302,0.487903562575749,0.487957294053378,0.000384914337269131,1.53515625,0.0541759089079896,0.000352901594922272,0.0,1.22775229922805,-0.15,35,87,5,false
22,0,0.45,2.07615743115187,0.487957294053378,0.481659042322813,0.000362901594922272,1.22775229922805,0.0422444335275003,0.000344079449527901,0.0,1.53515625,0.15,0,208,0,false
23,0,0.8,2.06313924267848,0.481659042322813,0.484698259484293,0.000354079449527901,1.53515625,0.0501702202476394,0.000326808559373935,0.0,1.12252840146431,-0.2,4,35,4,false
24,0,0.65,2.04691721739239,0.484698259484293,0.48853954205042,0.000336808559373935,1.12252840146431,0.0362684747286208,0.000323096276952187,0.0,1.02018254059469,-0.05,1,4,9,false
25,0,0.6,2.03303090874386,0.48853954205042,0.491876437145692,0.000333096276952187,1.02018254059469,0.032843297649002,0.000321935500188592,0.0,1.02018254059469,0.0,1,4,9,false
26,0,0.35,2.05377820091989,0.491876437145692,0.486907495440403,0.000331935500188592,1.02018254059469,0.032732666993247,0.000320851079985807,0.0,1.53362709082466,0.25,207,208,2,false
27,0,0.8,2.04325544554818,0.486907495440403,0.48941506661773,0.000330851079985807,1.53362709082466,0.0470768581681296,0.000306964179556945,0.0,1.12497600171503,-0.2,4,35,4,false
28,0,0.5,2.05052051617121,0.48941506661773,0.487681050793498,0.000316964179556945,1.12497600171503,0.0342824990588555,0.000304739825619318,0.0,1.33002805333215,0.1,121,138,20,false
29,0,0.7,2.04199121330583,0.487681050793498,0.489718071989681,0.000314739825619318,1.33002805333215,0.0396535044225715,0.00029814036119935,0.0,1.12582893200156,-0.1,4,35,4,false
30,0,0.5,2.04916350262793,0.489718071989681,0.488004006863074,0.00030814036119935,1.12582893200156,0.0333873404847563,0.000296557847606549,0.0,1.33074528226436,0.1,121,138,19,false
31,0,0.55,2.0654438636937,0.488004006863074,0.484157433459203,0.000306557847606549,1.33074528226436,0.0386944064268785,0.000290772448661529,0.0,1.43401747544904,0.05,138,207,11,false
32,0,0.75,2.05583522107727,0.484157433459203,0.486420307302642,0.000300772448661529,1.43401747544904,0.0406189696257833,0.000283252961147242,0.0,1.12564219228745,-0.15,4,35,4,false
33,0,0.35,2.08275485677483,0.486420307302642,0.480133318017325,0.000293252961147242,1.12564219228745,0.0318271812529199,0.000282746875259206,0.0,1.53515625,0.25,0,208,0,false
34,0,0.85,2.06236350511146,0.480133318017325,0.484880573924797,0.000292746875259206,1.53515625,0.0420407525793062,0.000273853248353749,0.0,1.01956537372214,-0.25,1,4,10,false
35,0,0.5,2.06169025899379,0.484880573924797,0.485038911949873,0.000283853248353749,1.01956537372214,0.0281112185703738,0.000275717666516545,0.0,1.22573439962152,0.1,35,87,5,false
36,0,0.5,2.07527159385873,0.485038911949873,0.481864640252034,0.000285717666516545,1.22573439962152,0.033579914556863,0.000273957511245762,0.0,1.43326155900739,0.1,138,207,11,false
37,0,0.85,2.04920987804108,0.481864640252034,0.487992962905263,0.000283957511245762,1.43326155900739,0.03845537313007,0.000268306736397105,0.0,1.0,-0.25,0,0,0,false
38,0,0.35,2.06502126813449,0.487992962905263,0.484256513688785,0.000278306736397105,1.0,0.0270770997144478,0.000270770997144478,0.0,1.51625531703362,0.25,138,207,1,false
39,0,0.55,2.09692852602223,0.484256513688785,0.476887975717966,0.000280770997144478,1.51625531703362,0.0399906512030508,0.000263746156427586,0.0,1.53515625,0.05,0,208,0,false
40,0,0.7,2.10251508004965,0.476887975717966,0.475620845476355,0.000273746156427586,1.53515625,0.039477467472202,0.000257156022210781,0.0,1.32490474199504,-0.1,87,121,1,false
41,0,0.5,2.12214927469452,0.475620845476355,0.471220385825095,0.000267156022210781,1.32490474199504,0.0338100762927984,0.000255188733356688,0.0,1.53515625,0.1,0,208,0,false
42,0,0.8,2.10901272726707,0.471220385825095,0.474155507489912,0.000265188733356688,1.53515625,0.038315974777649,0.000249590064709367,0.0,1.11335370454659,-0.2,4,35,5,false
43,0,0.55,2.10626422403848,0.474155507489912,0.474774241800791,0.000259590064709367,1.11335370454659,0.0280005635617116,0.000251497466145448,0.0,1.21866691574851,0.05,35,87,7,false
44,0,0.75,2.08319252343658,0.474774241800791,0.480032444793116,0.000261497466145448,1.21866691574851,0.0306764712902633,0.00025172154010123,0.0,1.0,-0.15,0,0,0,false